104.503 666 106.497 655
323.089 659.406 336.382 656.541
603.963 648.667 613.131 652.914
320.941 653.089 323.479 644.017
319.204 649.457 326.091 647.335
395.563 627.21 406.643 638.996
397.216 629.65 403.781 636.101
457.37 628.132 462.148 624.082
458.967 623.752 460.667 628.861
406.617 621.257 422.742 625.223
408.349 623.61 413.986 621.359
468.303 617.594 484.304 624.349
412.876 611.421 426.118 621.157
508.156 620.342 517.966 602.54
399.045 605.367 406.473 607.704
385.365 606.694 392.308 619.74
410.011 604.658 431.729 611.179
486.077 611.808 495.719 601.843
383.444 600.145 388.451 605.274
338.747 607.274 360.911 600.47
380.639 594.277 411.997 603.819
468.582 606.922 480.251 596.547
477.319 599.32 482.885 594.689
464.272 589.911 476.21 588.669
465.375 588.879 475.137 589.24
458.019 600.436 460.925 587.518
455.93 595.978 462.925 599.821
453.199 593.463 458.978 593.566
478.671 586.574 484.21 590.249
421.547 588.999 444.253 589.845
426.846 585.226 433.758 588.209
411.869 588.768 423.585 586.558
495.409 582.626 502.607 586.581
403.21 581.251 406.282 589.962
479.046 580.6 487.031 582.042
470.683 587.184 472.465 579.204
328.565 578.083 328.618 593.68
328.484 592.231 328.592 582.112
434.424 580.048 452.902 579.829
371.832 573.604 386.487 584.559
461.247 580.765 462.401 572.062
459.72 574.658 463.625 579.621
392.367 578.42 405.548 574.311
404.064 586.012 406.309 570.781
478.233 570.808 490.858 570.742
482.296 570.602 489.282 570.957
420.744 580.759 433.208 569.617
527.975 571.555 531.528 577.664
382.424 574.882 385.715 565.87
513.042 563.758 513.753 570.392
501.294 577.405 503.234 563.916
411.777 570.712 417.947 562.872
410.359 567.159 419.678 566.542
394.099 567.876 402.638 563.195
395.296 568.49 400.985 562.367
447.986 560.419 455.425 569.76
448.529 561.021 454.418 568.141
439.009 560.547 440.193 569.078
427.767 560.537 429.853 566.076
428.009 561.013 429.876 565.896
503.931 555.419 505.309 562.793
503.857 556.216 505.283 562.148
490.096 557.95 495.773 555.944
375.819 560.592 389.511 560.91
383.83 558.884 389.72 561.75
523.539 555.166 532.831 557.437
524.76 555.424 529.985 556.833
409.545 547.863 428.233 555.207
401.988 547.747 405.897 560.842
288.279 547.934 298.318 553.987
479.437 549.212 497.588 548.076
480.466 549.416 491.741 548.243
491.024 548.406 496.68 547.868
442.412 550.349 446.602 555.275
394.866 545.237 397.351 540.372
525.376 539.382 531.174 544.458
450.486 534.26 463.261 541.711
166.704 540.165 176.893 539.003
415.646 537.302 422.478 537.774
424.122 537.235 439.731 540.37
425.196 532.388 438.57 538.61
219.808 535.448 219.808 504.121
463.015 564.167 468.24 565.576
468.906 570.07 481.791 562.211
479.132 559.936 484.314 561.237
469.133 563.385 478.51 558.778
481.055 557 486.377 557
465.345 536.871 467.095 545.868
478.468 540.284 483.831 535.246
486.846 528.383 499.978 538.852
413.125 528.266 422.17 529.043
106.443 526.805 130.18 527.312
505.922 542.553 522.893 551.697
472.208 525.406 479.427 527.612
413.534 525.046 424.241 527.177
406.437 543.725 411.535 525.991
409.773 537.378 410.271 527.488
524.505 534.229 538.089 522.172
168.45 537.008 184.648 525.394
136.934 523.245 154.097 523.896
228.234 521.683 242.341 524.261
386.766 540.084 387.358 548.903
386.505 522.015 393.009 526.016
81.1797 519.595 86.7985 524.468
486.7 519.554 493.395 520.72
487 520 493 520
450.486 533.715 461.923 526.607
442.475 525.556 451.444 520.178
408.257 519.58 423.327 517.62
409.503 519.53 422.177 517.644
514.178 518.55 533.796 523.178
469.326 515.904 476.062 518.816
470.014 515.631 476.019 519.733
139.929 518.19 151.594 520.076
82.1388 515.092 90.2988 525.094
427.854 515.574 445.628 535.175
432.593 523.741 446.755 535.978
141.46 513.897 154.379 523.963
457.993 512.128 463.263 513.333
496.347 525.333 506.129 514.858
393.091 507.369 403.104 526.034
389.91 508.65 403.986 514.17
227.402 511.794 242.469 518.348
83.0953 508.547 104.748 518.824
141.006 512.117 153.281 508.152
72.9651 508.764 79.3175 508.584
575.938 508.523 582.062 499.477
526.019 506.143 537.433 512.477
527.858 506.744 536.97 512.442
432.138 510.675 432.465 504.47
504.479 505.445 505.14 498.809
504.444 499.695 505.106 504.968
157.985 500.726 165.67 512.079
55.8981 500.818 56.5635 515.161
424.917 498.078 429.273 503.307
425.698 498.179 429.202 503.742
414.056 506.202 415.624 511.499
376.691 497.57 381.469 505
339.796 497.887 350.742 516.941
117.415 499.573 131.507 502.382
103.915 511.63 111.17 522.491
334.729 499.155 339.271 491.845
536.87 495.788 543.207 499.603
539.5 500.049 539.5 494.951
516.791 511.784 520.291 495.14
376.276 501.673 402.248 501.471
478.739 497.854 497.566 497.201
481 500.659 481 495.909
483.206 498.611 496.842 496.821
442.26 517.757 447.087 513.873
435.444 498.993 447.614 509.413
466.898 497.5 473.102 497.5
446.161 494.831 463.167 499.545
433.254 493.592 446.326 494.525
133.347 494.052 145.777 491.332
41.8924 504.903 43.7838 491.673
113.706 490.738 128.05 493.215
113.155 490.893 127.174 492.424
529.514 496.309 533.831 499.647
524.689 496.036 532.313 493.973
521.998 486.829 525.72 493.473
62.1984 506.12 71.6594 496.822
430.176 486.126 445.913 487.336
431.942 485.281 444.659 487.451
469.523 490.978 480.13 485.011
476.006 484.131 478.203 489.967
153.682 496.003 155.819 483.241
398.928 482.733 413.156 496.673
422.349 493.448 424.003 481.8
419.315 490.697 426.405 487.273
422.963 481.369 423.15 487.694
525.198 488.198 530.114 480.304
469.599 480.277 470.77 485.123
141.175 485.775 149.145 481.056
110.964 480.618 120.217 484.897
111.343 480.585 120.343 485.206
32.3879 487.027 37.7677 480.245
122.871 477.734 132.722 486.797
482.821 481.249 495.2 482.245
90.6322 479.478 107.573 485.023
97.4968 484.25 104.685 481.428
91.1624 478.485 98.5914 483.013
173.526 476.312 173.533 487.737
121.379 475.4 133.95 484.006
132.858 477.412 146.251 469.676
626.932 486.632 629.925 473.202
99.4542 493.529 112.746 495.381
86.3308 484.529 95.8825 491.532
63.263 477.841 77.7505 485.36
76.2944 473.957 85.7659 486.405
534.993 492.755 538.453 472.02
536.296 483.391 539.162 479.384
229.999 482.999 244.041 471.469
498.702 471.839 507.483 487.884
432.554 471.219 461.994 486.794
443.496 479.007 463.681 486.365
439.241 472.563 444.225 478.76
543.226 472.488 557.344 472.464
527.502 483.946 528.342 470.196
526.969 471.208 529.576 478.451
471.835 472.85 486.239 473.976
479.064 473.339 485.581 474.301
475.108 475.909 478.923 470.829
458.32 470.996 470.349 474.162
459.723 470.887 468.958 474.151
24.9834 479.43 28.8512 468.864
429.277 481.314 433.102 469.681
140.907 472.259 152.156 467.021
445.042 466.86 453.044 465.879
56.9143 465.056 59.8628 480.006
165.529 493.294 176.782 497.601
162.036 497.489 166.343 491.674
157.842 477.718 163.33 462.689
409.535 477.388 415.566 472.001
406.096 464.758 410.726 473.272
574.574 473.699 590.232 463.543
530.166 460.561 534.663 466.563
531.495 467.312 533.022 459.952
73.6867 460.921 76.5308 469.827
72.5673 462.957 75.7471 468.799
473.438 458.349 474.808 468.8
473.376 466.499 474.944 461.202
29.091 459.089 31.8125 465.817
542.106 468.085 542.592 458.176
516.731 462.631 517.096 472.375
485.309 466.486 488.647 462.169
495.22 463.899 514.394 467.108
427.325 465.315 428.849 457.897
426.536 464.594 429.991 458.914
82.0715 461.781 103.279 476.025
82.231 459.609 89.5387 462.799
452.467 462.218 466.266 461.454
457.82 458.383 466.2 459.348
452.03 458.335 456.812 458.706
397.536 457.025 411.423 460.974
96.0627 456.524 97.761 463.059
161.996 456.374 171.636 467.78
35.2067 455.632 39.3683 459.793
35.4083 455.408 39.5917 459.592
397.174 454.087 409.386 455.218
471.711 451.756 484.882 454.931
555.53 453.062 560.036 449.495
432.232 448.815 440.289 467.231
434.562 454.604 441.062 467.892
498.521 446.751 511.081 459.437
499.778 449.84 510.96 458.555
500.209 447.229 504.867 454.887
451.678 448.486 469.493 451.767
3.79574 447.566 14.4763 459.468
7.95169 452.02 14.1579 458.746
508.894 447.302 523.036 457.554
510.692 448.57 519.912 455.92
518.838 445.96 527.477 446.438
521.729 447.95 525.724 444.592
491.052 453.796 494.942 443.902
491.784 451.024 495.382 444.406
168.74 443.307 175.051 458.183
173.325 452.124 173.63 459.064
166.954 441.398 177.994 454.414
551.618 457.461 552.857 439.377
546.347 446.283 550.331 458.41
545.571 442.296 549.745 445.65
548.881 444.846 556.428 439.594
485.97 438.305 487.782 445.511
62.8681 445.197 75.0178 439.035
142.875 435.888 150.848 449.616
142.772 436.956 146.358 440.662
45.7916 464.827 49.2302 453.36
41.0469 450.881 54.9117 449.486
43.1788 436.319 47.1213 443.043
447.482 433.943 449.608 441.153
107.769 438.574 114.898 433.914
108.18 438.465 114.646 433.577
517.998 437.169 526.93 434.002
518.013 436.835 526.479 434.247
132.189 432.433 138.062 434.993
428.639 431.553 434.772 434.214
428.904 432.371 434.938 433.465
417.25 441.199 422.715 431.609
416.156 438.809 423.587 438.533
55.8691 430.754 56.2472 442.594
548.387 436.589 550.738 429.434
547.741 435.888 550.974 430.998
537.722 451.546 541.018 429.732
499.775 437.458 519.176 432.176
499.921 436.179 506.916 438.041
69.9008 432.486 77.6187 429.865
54.5692 443.454 59.0005 424.981
140.22 427.223 142.56 432.079
437.078 432.519 442.388 423.582
91.2787 422.796 91.9442 440.379
91.6228 430.336 95.4089 435.192
89.6678 422.747 91.085 431.661
521.261 423.846 530.307 426.164
360.62 424.483 367.326 424.532
51.4657 421.242 52.3787 428.212
163.884 427.951 164.235 420.825
164 426.609 164 421.696
124.211 423.486 139.301 422.745
124.89 423.461 139.576 422.806
116.467 467.427 127.162 469.779
63.3396 460.281 64.8562 466.404
128.153 457.538 132.42 462.792
68.286 454.732 81.8014 453.708
107.985 448.228 122.857 458.828
116.019 445.525 125.047 447.106
99.2908 447.869 110.147 445.382
135.351 441.949 147.311 452.292
127.441 439.75 129.35 449.116
123.062 435.465 129.096 434.371
99.3499 437.624 108.449 424.043
113.619 423.24 120.866 430.679
183.01 418.604 188.166 427.795
183.43 422.603 188.691 426.863
395.772 418.498 406.963 427.012
292 417.805 296.774 424.248
552.513 426.374 558.891 416.706
495.142 430.127 503.283 416.792
436.548 417.651 443.351 419.302
439.124 416.104 440.991 420.987
510.886 425.263 511.148 415.107
510.834 424.467 511.615 415.456
490.825 414.392 493.023 419.681
381.217 431.204 383.192 414.008
381.507 422.276 381.851 428.382
346.291 424.487 352.176 414.757
72.847 414.993 76.7816 424.156
474.777 445.302 486.32 417.163
474.072 446.317 480.033 431.815
480.858 433.708 486.431 422.155
115.739 414.728 121.09 420.085
78.4231 422.062 101.754 420.784
457.607 425.831 459.72 414.309
465.416 419.542 473.092 409.93
412.739 452.101 416.659 455.547
412.238 444.713 419.597 446.343
402.562 441.148 412.838 444.266
401.099 431.17 409.956 435.383
410.425 419.509 413.104 433.929
402.2 415.198 410.133 419.161
125.41 414.857 151.198 412.41
42.0592 414.011 64.0432 420.186
447.124 415.133 456.627 409.906
337.198 421.273 345.777 409.985
298.21 406.06 308.081 413.94
160.662 409.36 168.254 413.695
163.002 410.298 167.19 413.853
557.045 410.069 563.818 411.247
556.965 411.6 563.327 409.132
325.355 409.097 331.338 411.388
76.1317 411.39 79.9965 407.672
516.733 405.996 532.091 417.452
500.062 409.208 508.731 409.736
500.815 410.59 508.122 408.541
431.391 407.325 433.636 416.374
429.08 410.022 433.877 414.487
421.367 422.274 426.56 426.372
416.477 412.403 426.372 421.575
381.513 406.658 388.476 411.694
382.823 407.304 388.967 412.811
352.668 404.795 359.665 415.383
314.235 404.833 322.528 410.912
168.091 409.608 172.03 404.396
60.2043 403.778 66.4496 410.476
128.98 408.429 130.117 401.691
80.2739 405.006 90.994 402.002
43.9813 403.997 55.3524 399.571
135.316 397.364 138.661 402.025
490.177 405.473 499.203 396.878
363.354 408.354 368.646 413.646
316.709 399.454 324.067 400.746
347.723 396.843 366.942 404.156
184.816 395.939 188.35 406.956
98.9675 407.623 113.778 397.582
102.221 394.718 109.416 402.638
416.372 396.411 424.331 400.589
66.1448 404.031 71.1041 394.163
66.6902 402.541 71.5192 394.298
495.089 402.995 505.686 394.602
476.668 408.678 483.891 393.804
465.553 414.814 484.21 402.73
473.676 403.324 478.324 398.676
477.567 400.205 483.284 393.155
462.223 407.48 471.528 392.59
285.244 397.085 292.971 393.197
148.764 402.553 155.007 406.26
158.722 400.409 173.878 397.32
148.536 396.677 158.453 393.995
122.146 403.306 123.763 393.109
122.023 402.102 123.868 394.052
83.4931 397.99 83.7449 392.414
80.8336 393.41 86.1442 396.243
530.158 391.73 530.91 399.529
450.389 402.013 462.486 392.266
451.378 401.063 462.573 391.932
272.715 394.151 282.88 395.074
192.774 391.992 193.482 401.054
193 399.421 193 393.915
544.5 421.209 554.29 390.087
546.055 414 551.377 414
548.92 411.728 550.696 397.044
550.85 396.766 555.999 389.538
181.033 412.344 186.712 390.422
180 408.987 180 414.445
294.67 390.281 301.726 391.493
201.661 389.001 206.915 393.103
370.529 394.877 382.603 390.35
369.712 394.599 382.376 390.726
311.399 387.681 312.951 396.075
288.136 386.778 292.782 391.153
438.064 407.035 449.208 391.304
440.372 404.129 446.913 401.783
440.26 397.292 444.762 394.045
562.204 400.816 566.997 386.757
562.109 401.675 567.009 387.029
204.484 387.111 210.707 389.881
57.5498 393.286 67.9381 387.318
57.6086 393.283 62.6296 390.366
61.9477 389.828 67.9937 389.075
348.583 387.84 368.643 387.157
349.128 388.136 367.269 387.285
136.427 387.151 142.983 388.456
136.838 387.676 142.645 388.179
280.758 384.593 286.116 387.29
100.668 384.88 120.857 393.895
83.0365 385.928 100.388 392.071
91.9251 388.49 98.9056 392.484
83.7628 387.03 91.8423 389.416
174.527 392.779 178.059 383.367
508.305 383.815 515.184 395.031
519.16 382.71 522.305 395.279
464.986 382.688 469.722 388.349
464.043 385.159 470.358 386.419
451.073 383.712 458.99 384.915
451.919 382.972 458.589 385.709
271.003 384.049 279.374 384.583
438.773 391.303 443.947 381.82
415.291 381.533 424.39 385.232
257.817 379.441 259.339 386.354
326.257 379.563 342.341 386.151
326.572 378.568 340.63 386.625
130.613 392.363 131.589 376.707
475.251 376.256 477.357 381.389
279.643 376.656 312.34 386.039
232.609 384.577 240.184 377.56
165.489 377.896 167.24 382.884
523.418 373.948 525.642 381.263
483.558 375.362 497.01 391.85
247.187 373.201 252.091 384.414
108.337 381.091 109.98 374.026
527.535 390.3 533.213 380.839
539.513 382.282 540.789 376.98
476.14 374.456 492.583 394.773
432.757 391.44 437.689 373.803
198.148 373.9 221.791 381.36
143.003 378.739 143.774 371.988
497.386 382.493 517.51 372.714
501.719 379.881 515.071 375.586
222.319 371.977 227.608 374.175
192.321 391.306 195.537 372.733
92.1873 371.897 97.7274 378.527
530.367 375.837 531.225 369.838
427.9 393.094 436.861 369.173
395.131 370.56 410.798 373.665
179.03 374.937 180.761 368.64
117.018 377.306 125.785 369.494
121.557 376.818 124.995 372.265
239.56 374.676 242.119 367.362
152.184 369.623 159.853 380.202
415.233 368.143 420.107 377.423
415.269 368.152 419.351 375.898
295.672 368.223 304.467 375.633
295.569 369.421 302.848 373.225
171.811 361.794 182.738 378.039
486.372 367.43 500.866 375.012
494.446 373.877 501.982 371.08
144.147 366.648 149.728 369.766
466.139 366.08 483.595 368.571
466.871 365.758 482.664 368.965
334.21 364.728 336.603 370.117
299.142 365.898 309.944 366.21
89.1761 365.917 111.782 367.696
71.765 384.971 73.67 363.46
70.1692 387.647 74.4861 384.309
68.0456 365.763 74.0414 366.291
562.493 363.713 572.26 383.242
409.224 400.15 409.266 393.897
385.52 396.264 404.551 399.569
407.027 383.221 409.598 392.048
367.655 381.977 382.962 381.066
573.857 369.815 579.741 361.72
572.874 365.303 577.697 370.126
558.135 386.751 564.547 360.32
196.369 366.686 219.365 368.918
200.161 362.537 220.278 369.881
162.853 369.965 172.868 361.664
163.491 370.479 172.25 361.838
133.053 369.628 142.648 362.738
517.107 368.539 534.032 361.514
520.266 368.122 532.255 360.75
425.36 358.986 433.255 365.14
425.524 358.601 433.122 364.674
411.417 357.544 424.383 365.706
413.055 358.063 424.205 366.114
367.148 360.142 376.016 373.422
367.39 368.755 377.499 371.734
483.764 356.206 484.387 362.645
399.227 357.512 408.766 361.742
310.45 357.312 319.545 369.52
260.554 370.263 276.619 375.667
240.051 363.222 248.02 366.377
214.592 356.646 234.245 366.398
180.262 365.793 191.481 356.709
182.368 360.34 187.632 364.66
585.421 368.792 586.879 354.776
506.188 367.512 520.91 355.365
506.026 368.684 512.685 357.099
512.573 356.418 518.404 358.775
383.655 354.725 385.956 359.767
318.884 357.012 344.451 357.946
319.213 357.092 343.33 357.891
279.826 366.607 298.824 358.965
285.824 366.446 291.272 361.017
539.684 354.831 540.92 365.968
491.38 356.135 503.183 359.993
495.496 362.063 502.337 356.729
490.899 354.403 496.669 361.6
95.9012 359.353 108.679 357.025
444.612 378.163 450.958 376.999
436.26 363.708 440.762 366.955
74.6653 352.889 76.466 358.795
454.992 354.666 466.361 353.693
274.977 351.027 279.246 356.098
273.979 351.469 279.055 354.25
174.654 350.204 175.165 356.964
542.984 350.835 553.619 359.241
533.316 351.315 545.241 364.04
343.891 351.414 359.259 355.399
354.036 352.513 359.466 357.268
344.5 351.974 354.835 352.986
227.825 351.372 238.282 352.13
228.57 351.863 237.95 352.011
589.143 352.925 591.194 347.823
192.013 349.437 206.277 352.925
196.333 353.536 205.147 358.228
190.001 349.191 198.259 354.988
135.188 352.339 138.219 358.131
126.89 347.901 129.133 356.792
93.0335 349.665 99.4437 351.525
94.4098 347.834 97.2427 353.144
498.494 350.433 512.417 349.255
501.237 352.092 511.226 348.012
312.656 350.71 328.448 347.895
269.627 362.809 275.636 358.829
262.786 355.472 272.323 358.964
65.0672 364.517 72.9842 347.49
393.355 364.121 393.945 344.719
262.849 352.568 272.235 343.937
472.776 351.422 493.603 345.516
480.665 348.784 492.786 345.854
182.393 345.072 185.706 349.895
299.879 343.625 305.399 351.788
300.476 348.283 306.448 350.724
299.885 343.585 303.201 348.306
575.723 342.598 581.785 352.175
532.588 343.071 554.983 347.582
208.665 343.891 215.533 345.293
448.656 338.595 464.567 346.686
338.892 345.128 348.56 343.289
397.097 337.133 409.233 354.697
406.5 353.049 406.5 347.951
398.69 338.84 405.85 350.233
375.8 353.095 378.2 357.905
365.264 341.218 377.997 351.277
522.436 353.582 529.77 341.133
235.946 339.691 250.969 353.451
237.322 340.309 248.042 350.598
517.643 344.079 523.223 338.69
514.37 347.63 523.73 338.27
334.157 335.536 337.4 348.605
333.639 345.196 337.711 348.512
333.756 339.913 339.681 338.54
198.549 351.678 204.506 338.776
156.431 364.943 157.363 352.737
145.259 342.5 151.279 343.086
150.552 343.242 158.069 339.016
491.517 335.885 509.372 341.547
184.245 340.865 186.989 335.235
183.032 337.894 188.305 338.556
354.416 339.35 364.866 335.055
248.579 333.905 258.948 350.537
247.736 333.006 259.217 350.379
120.871 336.903 139.881 342.719
105.676 334.178 116.553 343.081
593.879 344.228 595.615 333.276
593.57 344.77 593.604 335.099
582.05 331.803 585.017 343.226
376.601 334.606 388.939 341.969
294.993 334.895 323.799 345.266
308.712 345.029 315.859 337.143
294.622 337.258 304.644 333.78
163.614 347.705 165.331 359.682
165.241 345.163 175.001 340.869
171.009 333.013 172.876 337.896
100.091 332.942 100.753 338.703
99.7367 338.233 100.751 333.185
450.874 332.73 458.085 331.309
281.844 344.191 298.288 352.052
278.598 338.993 284.481 347.283
272.246 339.892 283.851 332.81
333.67 329.938 351.874 334.791
334.26 330.219 349.176 333.758
308.68 333.824 312.133 329.533
222.249 351.777 224.605 336.902
217.322 332.08 232.202 331.235
561.523 355.101 564.2 360.017
566.181 347.069 572.75 331.499
542.575 328.892 549.591 331.008
479.398 328.725 481.889 335.152
316.053 333.145 329.172 330.273
126.844 330.218 146.007 330.245
127.557 330.44 145.5 330.134
504.301 328.012 509.337 334.952
505.094 329.312 509.772 334.526
382.342 328.708 396.893 331.505
384.518 330.049 394.29 330.3
101.683 328.735 107.32 328.751
555.007 326.818 556.462 339.838
449.905 344.155 464.004 336.758
207.89 322.43 212.489 342.119
211 331.987 211 337.445
207.944 323.876 210.286 332.651
70.8236 324.352 74.2114 335.261
297.838 327.206 307.476 324.266
300.985 327.529 306.416 323.468
232.01 323.578 246.972 333.841
231.585 322.149 242.816 331.107
109.362 325.691 116.403 324.165
573.346 326.051 575.401 321.547
636.705 328.424 647.369 320.974
488.096 335.397 499.124 321.551
488.271 335.303 499.009 321.532
434.359 344.359 438.641 348.641
424.76 347.738 433.744 343.622
422.352 336.666 428.121 344
409.592 334.01 416.348 350.833
403.251 322.494 408.633 335.916
243.586 322.344 257 325.258
172.743 332.387 181.767 319.528
175.055 323.603 182.849 322.35
155.177 333.78 175.151 323.357
155.384 333.162 159.391 330.296
143.732 322.275 153.697 326.962
438.319 323.978 450.415 321.237
586.077 320.312 588.893 329.932
384.151 319.705 392.231 325.516
383.739 319.045 391.834 325.646
76.1636 323.514 80.9554 327.223
72.8742 324.697 77.6968 319.874
502.685 317.957 512.866 326.586
413.374 323.088 433.276 329.178
429.246 324.632 435.477 329
410.815 325.02 416.556 326.297
211.049 321.149 218.686 321.543
211.05 319.875 218.294 322.57
552.691 319.533 561.913 320.489
93.015 316.928 95.165 322.643
644.794 317.094 650.266 320.119
185.841 332.074 198.847 319.748
219.34 316.099 229.737 318.218
219.49 315.506 231.223 319.84
512.746 316.45 535.448 330.9
530.665 327.847 536.919 331.404
454.427 317.014 470.506 326.167
406.949 316.248 414.87 315.096
374.371 327.13 380.179 312.545
373.169 325.647 377.486 322.309
125.942 321.06 129.662 312.9
125.396 313.663 127.536 321.414
578.258 319.256 582.4 311.965
350.043 314.878 368.07 333.678
545.352 319.153 552.65 310.299
546.5 317.741 547.086 311.721
547.214 312.492 554.37 311.402
499.749 314.079 510.449 312.039
500.152 314.019 510.393 311.429
305.705 310.309 310.943 314.085
306.07 310.801 310.844 313.336
337.019 322.89 344.85 324.59
322.26 319.762 331.899 322.895
339.842 315.056 345.153 322.689
315.251 312.365 324.377 317.856
293.904 312.764 318.699 321.886
88.1658 315.984 90.5244 309.068
398.849 308.298 402.553 314.458
398.647 309.327 403.019 313.688
380.418 308.418 383.651 311.651
131.185 311.569 137.788 308.687
131.016 311.344 138.719 307.766
201.463 306.795 206.019 320.574
200.161 317.757 211.104 314.325
199.567 309.696 207.153 307.6
385.541 304.581 397.998 321.75
388.282 308.701 397.657 321.265
384.81 305.94 390.922 309.411
487.137 315.562 491.299 318.884
490.983 317.565 495.637 312.676
467.358 309.161 473.544 313.775
377.584 304.048 382.403 309.618
253.652 303.092 270.363 339.418
1.5614 311.705 6.19449 304.734
532.93 306.838 551.147 305.042
534.299 307.066 550.546 305.082
150.645 303.231 154.148 307.609
303.102 300.888 305.806 306.693
302.514 302.309 306.831 305.647
227.421 302.646 248.003 314.373
238.001 313.113 246.819 315.689
227.793 303.537 242.432 310.11
210.565 304.135 223.883 310.957
107.375 320.588 113.06 319.013
116.476 318.953 120.529 313.303
505.277 300.104 520.663 308.619
237.719 294.719 246.282 303.282
157.071 316.386 162.8 313.82
170.623 308 175.945 308
158.514 306.632 165.909 302.852
165.702 303.85 170.685 299.467
84.4173 301.098 93.8066 305.103
525.731 298.724 525.806 317.63
97.7784 316.35 98.6534 298.708
595.527 292.618 602.381 301.286
263.402 297.498 273.324 325.183
264.878 307.697 274.827 324.899
570.495 295.268 573.081 299.479
360.866 300.143 372.81 320.517
352.354 295.166 358.955 303.261
334.655 298.84 339.923 296.426
592.223 295.046 608.493 300.326
575.267 317.062 584.928 293.509
578.376 308.499 579.944 303.202
417.357 293.344 420.474 302.522
565.478 300.981 569.062 306.97
558.967 294.788 559.166 311.001
548.47 297.812 555.429 298.22
343.836 292.404 353.631 309.244
345.236 293.751 347.516 302.823
248.453 300.355 261.4 291.093
114.296 291.836 132.24 304.398
327.878 299.983 341.164 307.373
463.463 299.665 471.702 289.523
465.361 300.087 471 292.791
400.575 289.827 414.306 295.806
411.58 291.003 412.728 298.074
197.104 300.124 201.987 301.991
176.959 295.493 184.125 295.218
188.26 293.033 197.008 297.046
143 298 148 298
139.253 297.373 145.501 289.531
520.41 293.955 532.63 289.551
520.672 294.183 532.323 289.537
205.067 295.863 207.473 287.536
100.253 299.784 104.612 287.747
100.66 298.816 104.744 288.166
511.689 286.839 513.957 294.299
327.82 286.474 336.697 293.256
328.244 287.51 333.824 291.359
236.549 295.362 242.131 288.195
426.342 285.797 429.487 303.111
426.656 288.787 429.493 301.442
415.07 285.165 423.269 299.749
392.563 285.616 395.218 291.822
278.517 310.695 283.156 325.001
286.017 308.271 288.883 303.364
291.132 298.595 297.27 297.939
268.297 288.958 274.55 306.092
243.135 300.947 265.274 287.895
488.354 302.577 499.856 306.561
483.26 300.243 488.087 304.127
488.127 293.936 495.284 298.354
486.853 290.827 490.786 295.876
478.184 301.751 481.042 287.002
2.46891 285.305 4.87093 292.601
125.063 286.206 132.474 286.669
504.796 281.879 505.005 294.863
445.909 283.04 455.011 295.055
93.0319 298.077 95.6291 283.486
567.154 276.628 603.948 286.752
595.322 283.193 600.749 287.59
394.938 290.523 401.062 281.477
461.959 288.241 468.654 281.836
461.906 287.691 468.796 281.734
276.182 291.376 291.726 284.592
275.14 289.486 290.978 282.155
546.335 285.432 557.736 294.063
381.695 279.816 385.105 285.122
301.312 282.932 322.15 285.686
308.906 284.485 320.343 285.028
95.229 279.866 97.5282 289.896
510.897 280.581 534.153 283.201
528.514 281.309 532.831 284.647
521.002 280.497 528.922 283.337
511.898 281.444 521.257 280.59
481.671 279.765 494.199 287.328
212.693 295.816 220.546 279.43
586.079 293.599 590.899 277.328
584.029 287.867 589.759 291.364
147.78 280.24 165.886 287.808
117.944 280.681 124.375 278.637
118.006 279.925 124.052 279.172
274.587 276.791 284.976 278.236
166.647 279.477 174.258 277.483
597.671 275.605 607.886 290.254
426.677 307.967 438.817 311.884
418.415 306.072 427.805 307.9
361.007 287.104 365.727 289.415
342.78 284.272 361.129 289.328
366.243 281.412 370.901 292.219
330.626 277.871 341.69 283.822
543.88 275.512 573.535 289.699
543.643 277.917 555.193 277.237
474.14 285.765 478.845 271.787
475.426 281.922 478.398 273.801
526.152 274.294 532.667 276.123
372.116 270.904 374.713 279.1
371.255 273.35 375.429 276.704
562.589 271.458 577.972 281.471
568.34 275.263 578.152 281.958
144.008 273.518 153.642 273.42
145.459 272.957 152.145 273.152
130.334 277.718 139.98 270.946
572.432 268.669 579.015 273.11
267.797 280.583 270.189 272.053
607.261 267.33 609.545 277.775
162.475 270.434 169.466 272.568
165.191 268.627 166.88 274.644
121.126 270.387 127.126 269.814
467.54 260.082 469.26 274.966
535.053 275.771 545.802 265.132
539.314 273.831 545.657 263.875
478.341 263.963 479.324 269.427
456.695 266.232 468.309 266.69
221.115 269.689 226.681 274.32
231.975 276.869 234.144 265.807
198.78 263.614 214.84 272.228
250.006 261.311 253.251 271.519
249.536 262.052 253.532 270.248
177.179 272.153 193.482 262.825
591.024 278.441 595.708 260.583
591.047 278.239 592.151 270.993
592.838 261.384 595.704 265.391
224.623 263 229.945 263
152.491 267.726 162.672 262.532
294.321 259.637 321.751 269.341
506.606 256.805 508.756 273.07
454.541 262.107 467.856 257.652
368.484 262.724 389.079 265.045
376.437 267.089 384.082 270.487
369.324 262.53 378.041 268.399
349.017 276.652 355.611 280.615
338.311 265.09 343.09 260.311
357.137 273.092 359.565 257.635
610.641 264.205 619.391 257.267
485.763 263.835 497.702 263.83
465.824 253.742 472.54 263.709
567.679 254.828 580.26 267.018
556.052 263.475 559.992 271.371
539.506 253.695 557.185 266.1
215.366 260.014 218.634 243.986
595.86 253.022 599.24 258.111
576.917 253.687 581.986 256.371
106.818 272.323 112.283 265.429
94.7759 253.347 99.0416 260.69
555.142 250.48 556.512 256.925
143.867 252.515 151.86 251.656
318.806 257.796 332.773 267.142
305.094 250.744 317.566 258.356
571.108 248.212 576.973 250.542
435.725 247.218 440.783 257.253
329.457 255.682 336.826 248.452
328.418 254.092 335.995 253.197
169.829 265.272 181.019 248.591
168.445 263.251 175.417 260.124
173.936 261.762 179.473 251.824
104.48 259.904 120.985 250.577
113.381 260.243 115.234 248.55
154.406 246.333 160.344 257.389
125.538 261.572 132.834 264.587
612.137 245.311 624.848 252.902
524.826 256.76 531.521 245.261
505.409 245.07 517.682 246.678
507.829 245.552 515.106 246.776
225.238 246.452 239.938 263.309
579.456 247.211 590.074 242.837
580.095 247.315 589.101 242.87
140.12 248.378 150.939 241.509
610.245 243.12 619.755 236.88
554.012 238.165 568.667 250.417
191.949 250.582 209.676 253.432
186.81 251 192.56 251
471.753 239.138 478.524 253.262
211.909 239.7 231.378 238.99
191.201 225.09 204.546 247.907
544.553 250.505 547.769 237.494
575.99 242.992 577.56 235.238
204.06 239.529 206.158 233.885
162.379 234.898 167.158 255.43
162.392 235.036 167.14 254.356
603.66 234.121 605.32 252.615
598.951 243.104 603.569 251.592
600.178 235.79 608.739 241.393
496.765 233.005 514.204 240.171
497.845 252.376 499.124 235.605
493.503 241.435 499.536 240.58
481.186 229.922 485.459 237.027
620.772 240.771 627.233 230.179
586.569 232.295 591.801 236.514
586.586 231.926 591.53 236.029
149.308 233 156.692 233
156.104 239.367 157.645 230.637
186.092 233.799 201.631 231.041
187.164 234.238 201.455 230.805
171.462 242.722 185.525 230.668
527.277 228.059 537.761 237.436
531.72 236.166 538.526 235.873
164.795 230.219 166.076 223.928
573.234 236.419 585.205 224.014
537.151 227.617 568.595 232.573
556.419 232.109 569.246 232.431
502.209 228.63 524.41 232.818
517.072 234.026 524.592 232.572
512.777 224.016 515.32 236.69
256.55 226.405 264.08 242.518
476.678 222.84 491.195 235.001
476.533 222.429 491.016 234.97
170.952 227.592 185.225 222.256
286.895 260.076 287.613 251.047
266.392 250.23 278.028 247.735
237 231.236 237 226.764
187.979 222.559 192.743 224.288
501.176 232.38 502.75 218.369
44.386 218.515 54.7678 238.845
587.182 217.524 594.185 226.426
595.726 216.646 597.404 222.162
152.187 229.479 152.666 215.266
147.39 216.867 149.481 222.537
482.567 213.747 495.533 223.08
239.109 221.522 240.402 212.761
239.172 220.243 240.402 213.337
163.6 220.551 177.398 213.437
172.327 213.768 177.864 216.03
110.734 215.808 122.087 214.397
111.973 215.626 118.306 214.655
245.324 214.043 263.106 214.01
521.086 210.443 530.073 210.255
534.458 209.695 555.796 219.435
523.273 220.85 536.803 220.019
514.21 209.499 517.16 214.034
547.765 208.387 553.367 209.578
547.866 207.606 553.064 209.989
506.298 207.929 506.885 216.299
589.261 205.955 591.846 213.798
223.424 207.055 233.401 212.136
225.64 207.829 232.895 212.265
206.846 230.453 214.907 232.714
201.833 225.384 208.707 226.337
218.76 218.252 230.557 218.526
179.043 212.31 190.855 207.538
180.505 212.587 190.39 206.909
556.708 225.511 572.823 221.56
573.071 218.733 576.559 222.656
560.592 206.965 578.2 211.349
131.936 240.011 137.134 242.394
133.595 233.253 140.275 237.685
134.983 219.384 142.42 231.984
318.848 203.017 324.807 216.038
204.321 205.012 211.013 203.876
473.468 203.27 485.362 206.909
474.871 202.742 485.259 207.447
325.554 202.767 330.236 216.116
109.629 234.285 116.29 231.085
112.63 233.138 119.831 226.146
115.257 229.31 128.041 217.737
127 210.987 127 216.445
118.227 203.224 128.56 205.987
590.087 200.003 603.406 204.234
593.183 200.672 602.947 204.411
516.892 201.876 530.494 201.986
520.095 200.8 524.905 203.2
497.607 211.946 500.242 199.996
498.104 207.217 500.895 200.304
507.389 201.318 517.202 201.335
507.651 200.967 515.976 201.78
282.116 204.05 282.116 188.516
254.61 198.269 272.018 207.633
167.014 200.315 167.042 217.731
576.162 195.699 584.219 206.866
541.966 201.53 559.161 202.324
546.489 197.175 553.511 201.825
277.993 199.002 284.993 212.149
277.007 203.647 280.321 210.75
232.366 204.496 233.537 196.991
195.615 206.321 217.959 199.218
212.804 196.562 216.058 203.178
531.839 195.416 535.377 201.601
489.017 204.5 490.161 195.127
486.991 198.037 491.681 202.257
141.262 197.613 153.295 197.048
142.036 197.815 152.305 196.942
170.82 201.17 193.375 194.816
244.5 194.547 252.427 208.638
112.09 201.206 112.09 192.494
215.043 193.052 223.468 193.249
589.819 193.892 597.026 190.719
555.978 191.506 577.768 198.713
512.403 192.569 525.856 192.719
251.615 189.515 265.706 204.477
144.384 187.171 168.09 195.005
144.375 186.934 167.632 194.224
111.871 187.832 117.731 191.478
577.574 186.328 589.941 197.093
586.318 192.146 588.682 197.854
577.087 186.953 586.166 190.845
624.401 193.974 636.115 188.189
548.964 183.697 549.084 191.535
497.595 184.346 500.924 198.421
498.143 195.857 504.485 195.042
496.309 196.029 497.394 190.738
494.547 192.059 499.591 187.821
194.142 185.808 201.069 187.793
511.58 194.364 516.469 178.815
513.164 185.486 517.955 181.777
548.769 179.558 571.648 185.498
568.078 183.385 573.643 186.984
542.826 176.265 545.409 191.706
540.359 183.359 544.641 187.641
232.874 191.976 236.017 174.667
232.638 190.83 235.827 175.804
147.103 177.725 160.785 180.531
147 178 152 178
620.915 228.383 621.14 215.834
609.345 222.23 614.265 207.525
625.716 208.681 635.572 198.632
618.742 204.78 631.182 197.087
617.364 203.918 622.324 194.055
586.399 178.609 596.242 178.48
579.828 174.559 586.791 178.688
204.241 193.853 211.864 188.529
256.165 173.245 264.793 182.538
256.253 173.18 265.157 182.338
617.725 172.317 617.874 190.876
617.141 188.805 618.262 172.835
162.869 173.914 172.051 189.744
295.685 173.019 308.064 178.517
117.746 194.466 132.684 197.585
127.845 184.858 135.074 190.616
125.743 178.696 129.024 186.772
280.297 174.216 295.197 173.936
280.581 174.969 294.435 172.514
523.752 168.651 532.227 185.898
169.536 167.28 177.266 180.127
126.663 155.105 134.68 169.253
603.907 174.85 611.162 166.376
261.331 167.493 278.312 180.863
267.167 170.816 272.909 178.188
262.317 169.532 269.291 172.155
209.195 170.975 223.242 167.742
159.036 172.551 162.789 166.155
158.869 171.887 163.009 166.597
309.376 171.053 318.844 164.898
229.353 167.259 245.134 168.906
149.495 166.22 155.199 169.668
595.108 166.139 601.562 167.257
496.588 159.433 509.106 169.893
213.568 165.352 222.293 160.29
178.528 174.491 179.284 160.546
538.062 161.134 547.977 162.852
539.491 161.143 547.198 163.209
189.679 158.329 198.105 162.989
136.447 185.299 137.236 158.9
136.563 184.141 138.007 173.417
134.942 158.451 140.071 170.557
574.428 165.114 581.715 169.074
283.008 164.739 283.2 156.745
282.247 164.73 284.286 156.633
225.3 163.558 228.973 156.723
574.163 156.047 581.707 163.134
421.913 162.42 438.174 157.137
184.361 179.641 191.663 168.034
499.757 171.856 502.59 177.166
512.901 155.625 524.911 160.273
244.456 153.781 247.509 161.279
243.255 153.868 248.869 161.984
261.372 161.987 271.579 154.022
153.652 154.268 167.202 158.511
171.02 156.619 183.08 151.416
546.119 150.649 560.835 156.141
544.576 148.687 557.765 159.227
562.022 154.548 566.066 148.968
562.514 152.691 566.831 149.353
563.154 155.949 570.644 148.725
520.547 148.383 534.544 160.53
530.834 156.688 534.405 161.199
521.161 149.895 531.47 158.726
426.408 153.671 440.09 151.38
279.801 148.217 292.037 157.269
178.575 149.867 195.615 151.855
129.055 161.561 134.473 147.586
535.089 146.252 538.202 152.477
534.723 146.955 538.904 152.104
520.585 140.301 531.629 148.382
166.501 142.162 167.776 153.456
158.052 149.279 159.597 142.033
157.424 148.517 159.997 142.588
398.293 142.091 401.997 153.096
397.813 150.572 402.361 144.995
139.204 154.453 144.797 160.896
295.092 149.982 302.159 146.246
240.536 138.243 252.101 147.04
240.693 138.024 253.126 147.582
200.026 139.635 218.438 137.425
201.124 139.986 217.033 136.886
158.488 134.934 183.689 139.789
159.17 135.324 166.141 136.452
133.585 131.837 141.217 133.677
176.422 129.394 193.877 139.782
186.499 135.21 191.034 138.16
178.695 130.151 187.691 136.282
247.982 186.067 249.906 177.955
249.548 179.424 252.452 172.576
254.96 167.15 255.888 161.007
256.362 154.366 260.548 143.827
223.671 131.824 238.616 158.827
266.048 123.07 271.224 134.609
266.317 124.78 268.099 132.046
256.17 131.874 256.303 117.737
255.737 126.767 256.751 131.815
184.472 125.509 195.568 127.244
170.286 125.099 178.38 121.459
178.938 120.485 187.875 122.036
164.286 120.197 170.198 111.303
195.532 121.685 213.283 109.022
196.155 121.24 211.603 110.986
137.592 107.123 145.73 118.02
272.193 107.065 274.775 124.792
274.938 117.03 278.522 123.019
266.56 116.354 276.453 115.808
271.317 114.22 273.099 106.954
232.105 108.021 252.023 113.502
247.771 107.7 252.229 115.3
241.793 106.741 250.161 110.418
177.048 109.895 199.683 105.679
194.069 103.081 200.942 107.375
225.442 99.4462 229.643 105.925
226.85 98.3064 227.037 104.631
227.023 99.8862 235.775 99.7457
228.491 124.991 249.69 130.954
234.952 124.146 247.393 120.369
287.68 95.7228 289.072 106.49
276.152 96.6313 286.775 118.689
279.928 107.256 288.45 119.149
245.64 97.2841 262.886 112.824
263.952 104.088 266.272 92.0316
264.474 101.67 266.367 92.6033
248.402 93.3029 261.393 96.7055
251.906 94.4911 259.063 96.0032
148.2 93.1287 167.444 91.2177
149.07 91.8013 153.844 94.3358
160.086 95.0065 161.914 88.9935
168.468 107.532 175.68 100.32
195.314 96.7437 208.256 101.19
169.091 95.3659 176.825 91.5335
647.002 114.883 650.159 90.0095
133.578 89.7056 141.916 90.8073
226.252 87.1662 228.134 92.7667
117.149 84.7997 127.394 83.8936
257.174 86.932 263.861 88.9487
237.968 82.6997 244.705 81.952
182.141 85.9152 196.452 77.3308
123.755 78.6169 130.629 80.8522
206.154 86.1944 213.625 77.0651
207.581 84.9293 213.208 77.2505
145.705 77.5515 156.945 86.0233
144.274 79.8468 153.125 84.4228
219.095 74.3074 227.064 81.255
198.763 74.5019 206.054 75.7627
482.495 81.6583 488.289 71.3192
146.325 70.44 152.285 73.5628
114.56 71.3318 125.965 72.6995
193.409 66.2369 200.027 70.2285
139.865 67.8559 145.674 73.5511
263.919 66.5739 269.618 66.0834
231.564 62.0287 238.185 65.4121
156.332 63.0687 165.278 81.2207
163.425 82.4855 165.74 74.0062
122.857 63.522 138.68 81.7667
239.997 59.4976 248.175 64.738
243.017 62.4172 249.048 63.8409
269.554 80.4961 275.788 85.038
277.431 79.4312 281.407 83.4071
268.24 75.0963 273.885 74.291
246.938 73.2552 258.495 70.5488
221.59 65.7457 228.772 66.6541
228.26 55.0473 234.582 57.4096
228.968 55.0309 234.896 57.1607
125.343 53.6706 132.305 50.6508
274.062 48.9461 275.122 57.9888
271.814 52.789 276.537 56.8434
270.7 48.7709 278.3 53.2291
256.167 49.2457 273.939 67.1615
259.95 51.7401 264.773 59.3204
231.875 49.3499 240.013 52.6414
157.065 45.7099 166.694 59.2063
162.163 56.9971 168.544 60.0413
215.603 52.0047 219.897 46.4677
214.457 41.5029 221.5 34.8931
166.886 37.4987 169.721 30.6573
393.498 36.4352 401.053 26.297
198.055 30.2885 212.584 28.5591
205.419 28.7981 212.411 29.5436
475.039 23.9266 481.305 25.9054
461.458 26.0492 476.522 27.0943
390.777 19.8987 395.574 29.9673
213.363 16.4784 221.985 26.9143
196.221 37.6315 208.658 38.0571
625.831 23.8445 642.318 13.8032
355.607 12.5916 361.356 28.2375
206.675 11.974 214.113 14.9009
560.535 16.7409 571.491 1.99799
